2.605271607243053733e-01 8.459563662258547945e-01 9.676490557229432410e-01 9.926375974722027040e-01 9.990917358479456389e-01 9.999155282875726858e-01 9.999925272311851465e-01 9.999996575285765577e-01 9.999999946204494172e-01 1.000000000003197664e+00
2.662780303585584596e-01 1.538770206317945088e-01 3.845439754624921935e-01 6.302616497239742488e-01 7.506379494131811825e-01 8.092388885333683390e-01 8.476408852623850132e-01 5.643258614713361210e-01 4.009337586533133213e-01 7.016883013117464207e-01
2.873583208368937214e-01 2.016471100377885683e-01 3.386968679526530246e-01 1.931411158695168773e-01 6.429970893970000656e-01 7.643782537789283182e-01 9.843272954548439868e-01 9.999999998569744086e-01 8.778863335066180440e-01 9.999999875255772830e-01
3.559716017638183683e-01 1.279543290267105005e-01 3.696584168823150440e-01 6.489362824827741294e-01 7.890640711164591536e-01 5.746362580048265389e-01 9.844453095411584975e-01 1.000000000002458922e+00 9.999999979264195815e-01 1.000000000003722578e+00
2.758229435385811112e-01 3.556010540240927553e-01 5.625952846138357888e-01 7.454522397211707507e-02 5.249609242171462409e-01 8.965836736595760303e-01 4.347081125658444622e-01 9.999999997776745086e-01 1.000000000005522027e+00 5.636370828689349910e-01
3.100953334240592052e-01 3.141554474869888702e-01 4.252263509869502744e-01 1.804605882923625837e-01 9.430430408531087494e-01 9.715291992742489668e-01 9.999999999126206740e-01 9.999999997742885505e-01 9.999999998572739468e-01 9.966722497517358503e-01
2.673557782618991019e-01 1.937006464648649284e-01 2.139816776454286362e-01 7.734677525294203493e-01 5.684773983968223199e-01 9.123014707077756746e-01 9.999999985483004616e-01 1.000000000010287993e+00 6.459635418510258908e-01 9.999999998173119131e-01
3.270108275761196004e-01 2.331149582698752165e-01 1.515461450811912969e-01 3.372590162561574512e-01 1.528244394018090091e-01 8.316117983483766185e-01 9.963677896538101209e-01 6.794385162585599991e-01 9.999999999965480946e-01 9.998811348054648107e-01
3.003815014241347781e-01 2.043912517939291684e-01 3.038226833885454559e-01 5.420595295487455889e-01 1.827938926909810358e-01 2.324705634447902791e-01 7.986350917342065481e-01 8.225662662525371482e-01 9.841402782925220416e-01 9.816896798112224598e-01
6.217783526813891459e-01 4.493344104367970604e-01 5.304774685284463498e-01 6.862022427458586149e-01 4.967844392576953316e-01 2.837326649764242981e-01 3.092833412260255765e-01 4.915150702033833641e-01 3.038298379402837868e-01 9.999999997613731040e-01
