2.644374750148378861e-01 8.450707964918063864e-01 9.672533862464814947e-01 9.929990932632881684e-01 9.990968807009369401e-01 9.999425770500959265e-01 9.999984828633642353e-01 9.999999885130971267e-01 9.999999999779380921e-01 9.999999999760503799e-01
2.628960109122512878e-01 1.542242843757520854e-01 3.848128794953215581e-01 6.102500457390426236e-01 7.424743327936086379e-01 9.736305127667860271e-01 9.977827399275619458e-01 5.080699803503828660e-01 9.999999999453668131e-01 7.511365992850927986e-01
3.008356582943245705e-01 1.209386289374259488e-01 3.429306578233183300e-01 5.270543788828278009e-01 4.413365514988283334e-01 2.558023781077886083e-01 5.718760917694548640e-01 9.999999999979484189e-01 8.750638803650027109e-01 9.999863254283265501e-01
3.003398684043749323e-01 6.355754403394522911e-02 3.545522218493860622e-01 2.318958308578314143e-01 9.191413891884125942e-02 1.852931264053753468e-01 9.999999998800847001e-01 2.399960952200299868e-01 9.999999995306658729e-01 9.999999999763409253e-01
2.744875937954406320e-01 7.278832174200858263e-02 1.690299819893710531e-01 9.172978065456718899e-02 2.735165403746423474e-01 9.445375639923251354e-01 3.102765871508519901e-01 9.999999999956844521e-01 1.000000000004985790e+00 9.999999979359307511e-01
2.407089233822311269e-01 8.702679873311906789e-02 3.062833171152361533e-01 1.075513863297022504e-01 3.186150162316888079e-01 4.591338533144652123e-01 4.234499623186575024e-01 9.907397526259104081e-01 5.744292996887394587e-01 9.999999999987307930e-01
3.464328944965248680e-01 2.324966639836590354e-01 5.922320771495981351e-01 7.769806714114673163e-01 3.881200918696373625e-01 1.342422835032489603e-01 9.999999999785710303e-01 1.000000000005315748e+00 3.591588496584284806e-01 1.000000000002307710e+00
4.171972214105911236e-01 2.266028181249302997e-01 1.424753525870156301e-01 1.382985543958209496e-01 3.350992588439243858e-01 2.589620099709895040e-01 9.923614637314671638e-01 1.850830868542575058e-01 9.996522689418703145e-01 9.999999999929091166e-01
4.078166566715671348e-01 2.902291506189876302e-01 2.876003351528467200e-01 1.923011700388138068e-01 9.183774860544837715e-01 5.254547831352788245e-01 4.961518802614218182e-01 2.024867740316505793e-01 7.875450165047471751e-01 9.747191151634212458e-01
6.212089061798043987e-01 5.802107780064458264e-01 5.426680053898867984e-01 9.791054066724300675e-01 6.549707296290291358e-01 5.618917127774812892e-01 3.349514057765736186e-01 5.081333495330067063e-01 3.157843067640903056e-01 9.999999999340550838e-01
