1.422842267711049713e-01 1.714769926907446229e-01 2.780910336714310649e-01 3.714892320010420024e-01 4.967753985416123452e-01 6.088820340807717946e-01 7.590748306858142724e-01 7.612160058757116987e-01 9.685304034570877407e-01 1.078848055600680977e+00
6.552101878285652992e-02 8.670083930063263167e-02 1.603143555775218831e-01 2.184590874468729238e-01 3.102482836435431213e-01 3.460878688867116693e-01 4.014241671534489742e-01 2.899056570342496419e-01 1.907130579597480780e-01 3.712224381454026778e-01
6.910118305175963482e-02 1.054049015598684941e-01 1.451355059985175999e-01 1.163094727278449064e-01 2.853770861738920139e-01 3.348431509240765713e-01 5.460126036507461089e-01 1.029572658750517844e+00 4.280095750783723396e-01 2.199839331265116993e+00
7.449869030588485153e-02 6.374372349377027680e-02 1.680635411308234461e-01 2.843533337603084687e-01 3.638161770798590822e-01 2.718291505814576792e-01 5.885262941052525898e-01 1.245100990675565678e+00 1.397746564587375673e+00 2.605039847497699679e+00
6.282862990441545614e-02 1.393320703293733920e-01 2.397429792789946001e-01 6.024341659831720930e-02 2.233953588331160922e-01 4.474981490231260128e-01 1.955131227382410908e-01 1.532450082426715543e+00 1.581253091381987330e+00 2.349108700724381327e-01
5.503103585348400467e-02 1.567248611122776802e-01 2.083363234739326886e-01 7.866703416697111428e-02 5.109644668600143991e-01 5.223889922544204811e-01 7.748093011348503589e-01 1.083425641178243470e+00 8.504087698362234882e-01 5.611741460725431230e-01
6.614829842585918940e-02 5.396859514998458840e-02 5.650550266880134676e-02 3.781955787474729491e-01 3.002770069096915018e-01 4.492434216687199444e-01 7.708066827209724137e-01 1.031791610424394490e+00 3.184420238501203815e-01 1.315876007076464571e+00
9.138861388337578273e-02 4.495540951611746300e-02 7.555109503341185528e-02 1.687115677119475354e-01 7.624032263995249303e-02 3.799494947000429668e-01 6.012471751938084363e-01 3.024884498786886144e-01 8.150958455932458824e-01 6.693651161505980163e-01
1.222106738143929339e-01 1.619602072258763056e-02 1.198801838246946055e-01 1.951021256105922308e-01 1.444681907408582044e-02 1.078591905970812809e-01 2.709451458609039576e-01 3.760372993466454261e-01 4.828554624816386309e-01 4.917176809666284898e-01
2.751982193463289872e-01 2.086786782201532631e-01 1.645397040060868066e-01 3.048853323954999750e-01 1.761845337581569304e-01 1.202565123934208335e-01 8.267750436208085030e-02 1.702573075200211616e-01 5.558343295402322359e-02 1.423255944247075178e+01
