6.731625922463597700e-01 8.927453973751504623e-01 9.715652048654159767e-01 9.940606022902888084e-01 9.988368674783258960e-01 9.997668986247542078e-01 9.999641910600981509e-01 9.999961820207445840e-01 9.999995447336068599e-01 9.999996586306896251e-01
4.691786648222545097e-01 6.571970433678698820e-01 7.443012289763683009e-01 7.974625666109411704e-01 9.610482813641064714e-01 8.690071605547200484e-01 9.999962495867620316e-01 8.565741484049242960e-01 8.503815483942280817e-01 9.999946016880063571e-01
4.138794041830261561e-01 6.096563677568211936e-01 7.205715895581069619e-01 7.568775138116431433e-01 9.804063697639766595e-01 7.868893258959784864e-01 7.077450031488082827e-01 8.174948641051982268e-01 1.000000000002810197e+00 9.998635950092140678e-01
4.388068441254339702e-01 6.017481948509487699e-01 6.410825642242722333e-01 7.831776831658504578e-01 8.431909374636888943e-01 7.606936388409785144e-01 9.999999985748662112e-01 9.444823099729571236e-01 7.985270749243797983e-01 9.999999779399763034e-01
4.692285900829970546e-01 6.805363804683012274e-01 6.870444119831405905e-01 9.991435899677570953e-01 8.426281288231477484e-01 7.706558187248976344e-01 7.582351104719401436e-01 9.061899200682392852e-01 9.999905373998121405e-01 9.999985582735962941e-01
4.951070136913425790e-01 6.061505303856546956e-01 6.950144450054001055e-01 7.909596418938732443e-01 6.926445796071876160e-01 9.211082959155199035e-01 1.000000000005362599e+00 1.000000000014991342e+00 7.363778244272709550e-01 1.000000000003353540e+00
4.635358793466128891e-01 5.323383666143887138e-01 7.171366868499035041e-01 9.895561026200123678e-01 9.999999988834020748e-01 8.152487652299675869e-01 8.156323010526391748e-01 7.542459089747717282e-01 9.999999999896651559e-01 1.000000000012066792e+00
3.667567021123816495e-01 5.115706939993946989e-01 8.749171922519904943e-01 6.606846698868209522e-01 9.017123379071940725e-01 7.781811017718719414e-01 9.293803279689794028e-01 9.999999999992813526e-01 7.836666265443588131e-01 9.999999999952671192e-01
4.928542777674396747e-01 4.113691928308619294e-01 6.022185821246824888e-01 7.646193994195263910e-01 5.800225249516172132e-01 6.164783977453001107e-01 8.482410265617861267e-01 8.702273373435810422e-01 6.799980048913432107e-01 8.833856301179673354e-01
2.526556172200440931e-01 1.897712481939808904e-01 4.774733554862655160e-01 4.855557183141544497e-01 3.155229988144060971e-01 5.970997369556603207e-01 3.873591357037411420e-01 3.923002180867322664e-01 5.144950087199229305e-01 5.314116794131927834e-01
