6.700522704690508036e-01 8.970978621602716530e-01 9.676730584885111508e-01 9.937245647178717389e-01 9.990742417701712341e-01 9.999139783797976744e-01 9.999924057842772829e-01 9.999926159845631268e-01 9.999899657312786294e-01 9.999977950085708889e-01
4.657169664967052980e-01 6.646041230137488265e-01 7.399005143290524611e-01 8.197144254141400799e-01 8.790066573950587880e-01 8.991200461581504433e-01 9.289817988155453232e-01 7.841266770238095596e-01 6.968034371896214552e-01 8.470603685107261915e-01
4.692388379803988374e-01 6.683673140779254895e-01 7.192015049604572052e-01 6.424192831271313686e-01 8.157659230015714691e-01 8.656964722772384491e-01 9.999999989213428364e-01 9.999999997679647201e-01 9.517589494299921737e-01 9.999985674619034093e-01
4.414673201971837657e-01 6.185707275882638134e-01 6.954597587991212526e-01 8.298528634863351350e-01 9.060219053167664072e-01 7.821175168314854487e-01 1.000000000000758060e+00 9.999999902790700501e-01 9.999175049803339377e-01 1.000000000007357892e+00
4.448607075136536415e-01 6.560248310544147810e-01 7.659007457601310076e-01 5.860892008770829387e-01 7.560594178361300655e-01 9.382350467393028026e-01 6.869537371321547958e-01 9.999999998282039781e-01 9.999999951802100995e-01 7.810110069035541835e-01
4.470612012380025257e-01 6.982911480066134047e-01 7.282851469558668800e-01 6.194538645730582882e-01 9.942004600371889822e-01 9.981489981037456882e-01 1.000000000006327605e+00 9.999999716437475428e-01 9.999999999991852073e-01 1.000000000012752910e+00
4.535333834831354882e-01 4.853765687526820916e-01 4.723229273398893424e-01 8.891406624908673173e-01 8.339297316387001002e-01 9.698492754442459285e-01 9.999999999780504467e-01 1.000000000001522560e+00 8.149231204475029244e-01 9.999999993743481363e-01
4.233761067370547249e-01 5.066520137704388915e-01 5.774235082686719478e-01 7.304980300386479941e-01 6.071257452690801415e-01 9.498062719676659826e-01 9.999999214616590582e-01 8.456944140288253919e-01 1.000000000001835199e+00 1.000000000001279643e+00
4.137441599995403951e-01 5.467545940662060788e-01 4.675042900738451968e-01 7.869286411490518107e-01 5.694775775224403258e-01 6.558478905130602499e-01 8.854129934123957657e-01 9.540160947677606140e-01 9.999083209674269890e-01 9.999999998679259816e-01
2.655872251478204604e-01 2.930429970328765066e-01 3.479620115035753081e-01 2.657691625245248712e-01 3.704959152256011023e-01 5.111542881298567487e-01 5.568681145740993488e-01 4.100325967570890295e-01 5.644042457953291070e-01 9.999999996043189565e-01
