2.691134306098740270e-01 8.481542044621988019e-01 9.736514272461375130e-01 9.934069598138600687e-01 9.987076108667575225e-01 9.997413962838224144e-01 9.999585133871735643e-01 9.999961436037758666e-01 9.999998518482365872e-01 9.999999987969175885e-01
2.634454434470899775e-01 1.521067795087743257e-01 3.884211089401146122e-01 5.525490825877207302e-01 9.288449625552017697e-01 7.340100775343902928e-01 9.999997793006691893e-01 7.642583540310958767e-01 7.336349192484982185e-01 9.997094769352448118e-01
3.742226314199832427e-01 5.281180683172344292e-02 4.081887919432896639e-01 4.768872300207109283e-01 9.141399182850159510e-01 5.241469431994051353e-01 4.113624567424257195e-01 6.474763558553091602e-01 9.999997722106221953e-01 9.999999988519749916e-01
2.604444520088109449e-01 6.137761991797630046e-02 2.104064506391697675e-01 5.996811537847668294e-01 6.963658066371496425e-01 5.053347445015629047e-01 1.000000000002009282e+00 9.087521322255288636e-01 5.974872419266150647e-01 1.000000000002118750e+00
3.386106371804819548e-01 3.571882934240368512e-01 3.717876799406708010e-01 9.512208094569466477e-01 6.587620400921347930e-01 5.598256045887124444e-01 4.982381092750422513e-01 7.063832316274960554e-01 9.999999999912581039e-01 1.000000000004742873e+00
2.470139768255737722e-01 9.108901982198369662e-02 4.173461751432941957e-01 5.897283364396552763e-01 4.118281242505247852e-01 7.683360114171685629e-01 9.998567247168542726e-01 9.999999998595087147e-01 3.749387908984458950e-01 9.999999999789311866e-01
2.657074532878397899e-01 1.098528303312152482e-01 3.940496397923553551e-01 9.656777622083738688e-01 9.832487923064372470e-01 5.565581890509634366e-01 6.999934761799130323e-01 5.782939946492757777e-01 1.000000000002954526e+00 1.000000000006922907e+00
5.047226666512589777e-01 1.261560060898767599e-01 6.255184217342029118e-01 3.267889950357039108e-01 7.951896276023390220e-01 5.181359576546957779e-01 8.538545364564454898e-01 9.999999999995816680e-01 4.961277263695343942e-01 9.997268482661155753e-01
1.865147156266203921e-01 3.155287750441667649e-01 2.125907574925893218e-01 5.335196791676941608e-01 1.962808572483933922e-01 2.096286175108945937e-01 8.251830340248539342e-01 7.639174511979776039e-01 2.088669011144388687e-01 7.581148586139473400e-01
6.413938870022749539e-01 7.149251954895302630e-01 3.079792828351740619e-01 3.703392311935275183e-01 5.965006997172452863e-01 3.398127012426607196e-01 2.816308401918669047e-01 2.665333812770436794e-01 2.698501281122191453e-01 3.299675269838309721e-01
