1.898525735036774853e-01 7.544222601439611875e-01 8.920457236080097108e-01 9.177556011232154143e-01 9.238131226630210691e-01 9.248166117331502178e-01 9.248965543569713788e-01 9.249538930781849855e-01 9.248123744750693653e-01 9.248819850033207501e-01
3.635531321356227918e-02 1.243087526785899150e-01 3.443829519509639669e-01 5.653403855296785796e-01 7.005180154259889047e-01 8.588356840432391781e-01 9.058949251768628752e-01 4.931721140833944528e-01 9.895297784753097625e-01 6.886446809668371749e-01
9.126387466592257580e-02 6.686365675992193836e-02 3.260481290359891204e-01 5.170638995883721778e-01 3.949613751946537410e-01 2.468190341498264495e-01 5.246786781612661210e-01 9.704311959259342979e-01 7.580046804346900480e-01 9.677016177241115624e-01
1.325859558091588286e-01 5.392440430653901856e-02 3.025576041474176692e-01 2.040440252518001540e-01 7.554239403543158704e-02 1.044950502541887316e-01 9.902556640181563452e-01 1.498888665165273859e-01 9.999999805350833215e-01 9.999999999477022783e-01
1.178319276514917663e-01 1.757533260094674629e-02 1.051191341801266804e-01 7.294528926988133599e-02 1.711684326922587318e-01 8.402754561527804311e-01 2.236679174598399655e-01 9.858068398377496377e-01 1.000000000006326495e+00 9.975749321863510710e-01
9.700087993071725145e-02 4.839641722887425695e-03 2.973936194242502995e-01 3.058392205119310589e-04 1.807589028475542758e-01 4.011082975261219818e-01 4.060126651952588595e-01 9.130557189875757595e-01 5.599719924190557085e-01 9.999999999757072100e-01
1.605828812382553983e-01 1.571880379607823452e-01 5.550205889592410013e-01 7.523865118043904232e-01 3.088737170268793797e-01 6.044050762623649591e-03 9.999999999211528490e-01 1.000000000001529887e+00 2.385487386797080223e-01 1.000000000002916778e+00
2.463049485981798348e-01 7.820942294700408692e-02 1.829951283797234124e-02 2.251348038095631054e-02 2.529805741222543869e-01 1.640654473053249351e-01 9.289415116824767393e-01 1.426360973473368154e-01 9.791271117420651260e-01 9.999999987734162765e-01
2.867641206707906010e-01 2.191273213534006836e-01 2.317030260897260940e-01 2.952165991250469551e-02 9.121415296276270679e-01 4.127404553670418474e-01 3.964570423868056248e-01 1.432601756103466240e-01 5.477774783953059945e-01 7.990656696586957430e-01
5.572618025622768645e-01 4.867396837005391053e-01 3.155888579301543428e-01 9.788066421569554532e-01 6.174317010326613175e-01 2.606420379487875971e-01 2.921583044563615464e-02 2.392277782009447074e-01 4.432222809448913003e-02 9.999999975303599520e-01
