6.698820459633832991e-01 8.882186284045466840e-01 9.697469211032773151e-01 9.935943277770423743e-01 9.991965125973725215e-01 9.999493757919228898e-01 9.999888812990648246e-01 9.999972368276658363e-01 9.999991682291088368e-01 9.999990343586366848e-01
4.840742569291526243e-01 6.630774043316086663e-01 7.447454057258360294e-01 8.038812056780497706e-01 8.635924556325950130e-01 9.839338541818560824e-01 9.999999998873958518e-01 7.593503197179091169e-01 9.999948968572516250e-01 8.746743802274422608e-01
4.565579394415809622e-01 6.185558202727503563e-01 7.059028214397647938e-01 7.838898686336758237e-01 7.366280555657900297e-01 6.549061009901200325e-01 7.828125714720907125e-01 1.000000000002073453e+00 9.387913174087045842e-01 1.000000000001542322e+00
4.296750462293613126e-01 6.146834840640833519e-01 6.889361218449796542e-01 6.423147255353742757e-01 5.944857179624027932e-01 5.855003619697688455e-01 9.999999997728025170e-01 6.370144917803318707e-01 9.999999999809994211e-01 1.000000000007068790e+00
4.528699704416915828e-01 5.692040279480332643e-01 6.156113622986054690e-01 5.807439709177616427e-01 4.440429740619223908e-01 9.715122678106705711e-01 6.748412142450842532e-01 1.000000000001656453e+00 9.998778369619998330e-01 1.000000000000497380e+00
4.490383380644977218e-01 5.653069867553113248e-01 6.887421965519124889e-01 5.471534930622429238e-01 4.602493835475992556e-01 7.512595193875610811e-01 7.209604507537658025e-01 9.999992680532965306e-01 8.383147298980456741e-01 9.999999993831684142e-01
4.324030103327620722e-01 6.145046273266121517e-01 8.440309470496203392e-01 1.695617609512645452e-01 6.910292179201135143e-01 5.226388215279287319e-01 9.999999999269226780e-01 1.000000000002872813e+00 6.699698878466653351e-01 9.999997793841671756e-01
4.386854539391207286e-01 5.206049975189522838e-01 5.518811061784373306e-01 5.099887207145085144e-01 6.636533395683461567e-01 4.619498499651129575e-01 9.956674155698567175e-01 6.545228228292898631e-01 9.999999999999389377e-01 1.000000000002284839e+00
3.843886899265336332e-01 4.640827801352330195e-01 4.070433261555217452e-01 5.697988411097197892e-01 3.215667574152853425e-01 7.790149039225792160e-01 7.439216361748910433e-01 6.742635032193167177e-01 8.813412096717936350e-01 9.996053325911253840e-01
2.226633128997964062e-01 2.764825255340425114e-01 4.045372247916153574e-01 6.275914957152085583e-01 2.088935584796990652e-01 4.219110291100295340e-01 6.165299350304945802e-01 4.487399731388862500e-01 5.800924644577470923e-01 9.999999999992611466e-01
