1.221598512916990120e-01 1.518583650417840991e-01 2.775002560296511711e-01 3.297742488971444619e-01 4.850870373221812804e-01 5.698961098864788744e-01 6.493556596698450978e-01 7.329605446036518979e-01 8.740812234694828042e-01 9.538567463149756342e-01
6.360433596461868844e-02 8.653390381605173542e-02 1.628772695461349895e-01 2.112890122057684561e-01 3.890282773192355048e-01 3.249291584659135812e-01 7.069038710346996490e-01 3.616881600647573469e-01 3.375748084833630203e-01 5.620807052144323190e-01
8.819523917188894224e-02 5.851024086191445456e-02 1.545827726418375903e-01 2.022135817112675205e-01 4.225837027991429795e-01 2.491780017010330195e-01 1.817574674954924030e-01 2.979694046647058392e-01 6.749014889060699351e-01 1.677250565240861135e+00
7.622490134476175849e-02 5.572102274271869410e-02 1.124580871595584758e-01 2.641251709368224732e-01 3.171970692716339357e-01 2.571853415287790878e-01 1.303562127749300581e+00 4.560808044155214569e-01 3.081984687185134741e-01 1.069389086937946765e+00
6.468439789735096201e-02 1.260499943468419148e-01 1.808269201650524738e-01 4.801789331976257791e-01 3.074778981904426334e-01 2.478330577791900413e-01 2.348899200870095960e-01 3.567150001218739042e-01 1.209359020124145312e+00 1.427736592934846671e+00
4.290307494169038477e-02 5.602572644762848775e-02 1.812560845773225071e-01 2.703563235437768109e-01 1.807815426883991328e-01 4.291239246525969664e-01 6.883178975662075372e-01 1.465934946634061209e+00 1.964317209759999516e-01 9.523038932971077397e-01
7.387786426177640753e-02 2.314513758475683983e-02 1.831012626919271968e-01 4.787927057675703812e-01 5.712079683969675248e-01 3.103477903200051458e-01 3.286146507653853188e-01 2.855409930097996263e-01 1.180812063596340611e+00 1.224646880987811937e+00
1.689364182957821814e-01 2.012259807321528648e-02 3.116576263489226895e-01 9.853531280951209614e-02 3.368762926016543036e-01 2.362601158780064659e-01 4.340587449738973480e-01 9.048237933774980757e-01 2.527004296385959026e-01 6.267609093898320882e-01
5.246326810665939699e-02 1.063878762923905763e-01 3.131927176233145066e-02 1.763275661153157758e-01 1.744739234324502522e-02 5.281709982492979738e-02 3.324537132040343845e-01 2.972744019284507266e-01 1.030095224775765955e-01 3.253953610095252635e-01
2.756155504920606014e-01 2.915553807699546307e-01 1.134217576608520239e-01 4.172349257048819232e-02 2.475154395482804803e-01 5.264578498594540967e-02 1.034569539375861658e-01 1.233179805439410109e-01 9.273858537184156980e-02 2.435432917761553087e-02
