1.344606175363702028e-01 2.033766744636997525e-01 2.961240424403937532e-01 4.137016997060491419e-01 5.412572072763269793e-01 6.305792912575667319e-01 7.684859887915125309e-01 9.303811797572182352e-01 9.721290366407200345e-01 1.164632179663126044e+00
5.790143163549526378e-02 8.645002286868495867e-02 1.614391884401806254e-01 2.131762291002897991e-01 3.033625984918357221e-01 4.267798921569667669e-01 5.589602830983377846e-01 2.705264424008297919e-01 8.569414483464378174e-01 3.824069347507152994e-01
7.435911710723279444e-02 7.566480129971545066e-02 1.442570337976294692e-01 2.381788375211540965e-01 2.054274679572476170e-01 1.426786711594239254e-01 2.675812715050224222e-01 8.463417855641692800e-01 3.869856260600423870e-01 6.420775320659767305e-01
7.211751802321950122e-02 5.821101250609681671e-02 1.574926423798257424e-01 1.248573888819247829e-01 6.492586881864695347e-02 8.013615862546943913e-02 8.422936801619117508e-01 9.073891389852682676e-02 1.024236897912474964e+00 2.721064768661207278e+00
6.047087163176802921e-02 4.926664592074795485e-02 8.039135233449187790e-02 6.669056831192748946e-02 1.010193982835867338e-01 4.736743192004269631e-01 1.175807112306263696e-01 8.081893489320979285e-01 2.151759685187538462e+00 7.672624629818760589e-01
5.532015787984482375e-02 3.088935652452203320e-02 1.651723033575151767e-01 2.629231925823505983e-02 1.091957670121684459e-01 2.280594327853143199e-01 2.333089958946309994e-01 5.628922069293600394e-01 3.007733287771929831e-01 1.170106988144035132e+00
7.742228829077836549e-02 9.935785188202839180e-02 2.979976123482416805e-01 3.637858158966288391e-01 1.821577591206079705e-01 1.357985061662846452e-02 1.200858594627246756e+00 1.086479180579448922e+00 1.272582806226094931e-01 1.115205981356628628e+00
1.202684967969949031e-01 5.897566699906673510e-02 3.031783385728662253e-02 3.149626528122666247e-02 1.499029371821548329e-01 1.016066649830851959e-01 5.279811492007873142e-01 8.823543659845141385e-02 6.288786313752922075e-01 8.739496226151176606e-01
1.488907561458032158e-01 1.267927842378772652e-01 1.329980256173918796e-01 3.041030516199844103e-02 5.369888349661599003e-01 2.153588742612072005e-01 2.193779670590766673e-01 8.857425236079248532e-02 2.878560307760965054e-01 4.123351063370262470e-01
2.784129637374328503e-01 2.578089694414976707e-01 1.669232881542261349e-01 8.512193303372652675e-01 3.235091448283854421e-01 1.389210394311090890e-01 2.618785870979658398e-02 1.278698304257493978e-01 3.257845354937861926e-02 2.273143742424591274e+00
