,v,x
0,1.0,5.0
1,1.9520131889208117,4.354681791263468
2,2.787331084721996,3.7533955948250934
3,3.5063690292464518,3.2921706838875098
4,4.111005185041042,2.9342882133574304
5,4.604416007935069,2.1868548020854344
6,4.990910323832562,1.5991102131910153
7,5.275764838051161,1.2047348372980866
8,5.465063003545837,0.6523238586622382
9,5.565538847467028,0.2847766486813501
10,5.584427430902163,0.027074176663971355
11,5.529323211929101,-0.5158317947219131
12,5.408047323888053,-0.7431343259736544
13,5.228524781297208,-1.1145168309622875
14,4.9986720034582195,-1.171708167978831
15,4.726295341118751,-1.2995294452157842
16,4.419000757185609,-1.5928904597834874
17,4.084114775879907,-1.7748926020153013
18,3.7286166324670527,-1.5254073531239074
19,3.359081425302032,-1.7815299682392483
20,2.981633992238618,-1.8413161656312478
21,2.6019129687306837,-1.701169553552725
22,2.225044641416716,-1.8142341457066606
23,1.855625920002534,-1.705119233571309
24,1.497715764306413,-1.6861688993251804
25,1.154834421601889,-1.6470426171648005
26,0.8299696848351973,-1.5198621341751495
27,0.5255894271865306,-1.463692151182252
28,0.2436596575366649,-1.6586356672372276
29,-0.014332670226948133,-1.1874560447307165
30,-0.24735285557825606,-1.1269510609287587
31,-0.4547883650243449,-1.0096220247083416
32,-0.6364161949096775,-0.720101835285779
33,-0.7923683277113407,-0.7276317502904104
34,-0.9230959208613789,-0.6593550770458527
35,-1.029332811489706,-0.4198534514131452
36,-1.1120588712544066,-0.4177833881709182
37,-1.172463713245819,-0.24534852416383615
38,-1.2119111265026907,-0.11050935763373855
39,-1.231904774495731,-0.034297262274899015
40,-1.2340552862113272,0.012672295303829784
41,-1.2200491695469926,0.16891921184741882
42,-1.1916197164993911,0.13343746547185825
43,-1.150520110202154,0.28346299753100135
44,-1.098498857876022,0.3468243546704917
45,-1.0372776368840328,0.34275064548045814
46,-0.9685316201385682,0.43339150092582823
47,-0.8938722921556448,0.35827362148639014
48,-0.8148327493013565,0.2983809248885891
49,-0.7328554015601418,0.41578922455936285
50,-0.64928204783714,0.4475415576657367
51,-0.5653462027402116,0.4249825103206892
52,-0.4821675546916134,0.24309290903295128
53,-0.40074842867056976,0.36679840827195076
54,-0.32197210899903744,0.3274150993026272
55,-0.24660285999567347,0.40020571980213876
56,-0.1752874826362605,0.3023021955719962
57,-0.10855823894782832,0.35774144352357606
58,-0.046836978831844886,0.2845735530077351
59,0.009559705106562701,-0.023929833658979105
60,0.06041445724433048,0.25180895520760166
61,0.10560243279683992,0.17547704243276682
62,0.14508402581080698,0.17869780132421895
63,0.17889718820283568,0.10295796856607319
64,0.2071494898118918,0.009441588879550294
65,0.23001003806065926,0.043513248943267226
66,0.24770138139914505,0.07569140487390918
67,0.26049149817848893,0.08307465571760975
68,0.2686859684665926,0.12556039151946757
69,0.2726204130476747,-0.018866626314380998
70,0.2726532636340935,0.054321276865154394
71,0.2691589464717159,-0.04968640635571047
72,0.26252150153962334,-0.11504983752765877
73,0.25312869657440334,-0.07377507105572413
74,0.24136665673013477,-0.057605123847521755
75,0.2276150317954934,-0.10300503193332938
76,0.21224271148055351,0.060563843269519024
77,0.1956040910036712,-0.04951498143280298
78,0.1780358827880508,-0.151346944049866
79,0.1598544656984977,-0.04821256513369559
80,0.1413537469710861,0.006357449246753674
81,0.12280352327648435,-0.16576787524309028
82,0.10444831142247683,0.08059454716148384
83,0.08650661410691841,-0.0936386425442478
84,0.06917059617819286,-0.2582041877388175
85,0.052606132322521704,-0.11459172271019943
86,0.03695319054025043,-0.08199965522952878
87,0.022326506556892743,-0.11629631614386805
88,0.008816529186517246,-0.22028671868326813
89,-0.003509415427653126,-0.04033799471166984
90,-0.014605772225226965,-0.060598019299774764
91,-0.024447256040273632,-0.08802253109484337
92,-0.03302723081729957,-0.0034694945861748552
93,-0.040356002373231406,-0.04441638252853414
94,-0.04645905742282024,-0.1597318421828251
95,-0.05137527767495811,-0.07291497586726331
96,-0.05515514937138469,-0.07611357948281096
97,-0.05785898238352732,-0.0615390063918029
98,-0.05955522204866829,-0.02251177234707575
99,-0.060318746744468056,-0.013854156159266892
